%YAML:1.0
calibrationDate: "2016/6/19 15:08"
cameraMatrix: !!opencv-matrix
   rows: 3
   cols: 3
   dt: d
   data: [ 1.3647389419328470e+003, 0., 3.5643149947300321e+002, 0.,
       1.3634016794287936e+003, 2.8948734759184066e+002, 0., 0., 1. ]
distCoeffs: !!opencv-matrix
   rows: 1
   cols: 5
   dt: d
   data: [ -2.4638212064327691e-001, 9.6953605046794167e-001,
       3.1958347306831609e-003, -5.1367616618536007e-003,
       -9.3633710921231064e+000 ]
